# oST version 5.0 parameters


[image]

width
1440

height
1080

[narrow_stereo]

camera matrix
1953.136595 0.000000 664.271308
0.000000 1954.032358 548.262935
0.000000 0.000000 1.000000

distortion
-0.505639 0.220645 0.001352 0.009221 0.000000

rectification
1.000000 0.000000 0.000000
0.000000 1.000000 0.000000
0.000000 0.000000 1.000000

projection
1807.322632 0.000000 664.112064 0.000000
0.000000 1873.450073 549.199391 0.000000
0.000000 0.000000 1.000000 0.000000
